{
 "cells": [
  {
   "cell_type": "code",
   "execution_count": 2,
   "metadata": {},
   "outputs": [],
   "source": [
    "import numpy as np"
   ]
  },
  {
   "cell_type": "markdown",
   "metadata": {},
   "source": [
    "File Input and Output with Arrays\n",
    "\n",
    "NumPy is able to save and load data to and from disk either in text or binary format\n"
   ]
  },
  {
   "cell_type": "markdown",
   "metadata": {},
   "source": [
    "### Storing Arrays on Disk in Binary Format"
   ]
  },
  {
   "cell_type": "markdown",
   "metadata": {},
   "source": [
    "np.save and np.load are the two workhorse functions for efficiently saving and loading\n",
    "array data on disk. \n",
    "\n",
    "Arrays are saved by default in an uncompressed raw binary format\n",
    "with file extension .npy."
   ]
  },
  {
   "cell_type": "code",
   "execution_count": 3,
   "metadata": {},
   "outputs": [],
   "source": [
    "arr=np.arange(10)\n",
    "np.save('some_array',arr)"
   ]
  },
  {
   "cell_type": "code",
   "execution_count": 4,
   "metadata": {},
   "outputs": [],
   "source": [
    "arr1=np.arange(5)"
   ]
  },
  {
   "cell_type": "markdown",
   "metadata": {},
   "source": [
    "If the file path does not already end in .npy, the extension will be appended. The array\n",
    "on disk can then be loaded using np.load:\n"
   ]
  },
  {
   "cell_type": "code",
   "execution_count": 5,
   "metadata": {},
   "outputs": [
    {
     "data": {
      "text/plain": [
       "array([0, 1, 2, 3, 4, 5, 6, 7, 8, 9])"
      ]
     },
     "execution_count": 5,
     "metadata": {},
     "output_type": "execute_result"
    }
   ],
   "source": [
    "np.load('some_array.npy')"
   ]
  },
  {
   "cell_type": "markdown",
   "metadata": {},
   "source": [
    "You save multiple arrays in a zip archive using np.savez and passing the arrays as keyword arguments:"
   ]
  },
  {
   "cell_type": "code",
   "execution_count": 6,
   "metadata": {},
   "outputs": [],
   "source": [
    "np.savez('array_archive.npz', a=arr1, b=arr)"
   ]
  },
  {
   "cell_type": "markdown",
   "metadata": {},
   "source": [
    "When loading an .npz file, you get back a dict-like object which loads the individual\n",
    "arrays lazily:"
   ]
  },
  {
   "cell_type": "code",
   "execution_count": 7,
   "metadata": {},
   "outputs": [],
   "source": [
    "arch=np.load('array_archive.npz')"
   ]
  },
  {
   "cell_type": "code",
   "execution_count": 8,
   "metadata": {},
   "outputs": [
    {
     "data": {
      "text/plain": [
       "array([0, 1, 2, 3, 4])"
      ]
     },
     "execution_count": 8,
     "metadata": {},
     "output_type": "execute_result"
    }
   ],
   "source": [
    "arch['a']"
   ]
  },
  {
   "cell_type": "code",
   "execution_count": 9,
   "metadata": {},
   "outputs": [
    {
     "data": {
      "text/plain": [
       "array([0, 1, 2, 3, 4, 5, 6, 7, 8, 9])"
      ]
     },
     "execution_count": 9,
     "metadata": {},
     "output_type": "execute_result"
    }
   ],
   "source": [
    "arch['b']"
   ]
  },
  {
   "cell_type": "markdown",
   "metadata": {},
   "source": [
    "### Linear Algebra"
   ]
  },
  {
   "cell_type": "markdown",
   "metadata": {},
   "source": [
    "Linear algebra, like matrix multiplication, decompositions, determinants, and other\n",
    "square matrix math, is an important part of any array library. Unlike some languages\n",
    "like MATLAB, multiplying two two-dimensional arrays with * is an element-wise\n",
    "product instead of a matrix dot product. As such, there is a function dot, both an array\n",
    "method, and a function in the numpy namespace, for matrix multiplication:"
   ]
  },
  {
   "cell_type": "code",
   "execution_count": 30,
   "metadata": {},
   "outputs": [],
   "source": [
    "x=np.array([[1.,2.,3.],[4.,5.,6.]])\n",
    "y=np.array([[2.,4.],[5.,7.],[8.,9.]])"
   ]
  },
  {
   "cell_type": "code",
   "execution_count": 31,
   "metadata": {
    "scrolled": true
   },
   "outputs": [
    {
     "data": {
      "text/plain": [
       "array([[1., 2., 3.],\n",
       "       [4., 5., 6.]])"
      ]
     },
     "execution_count": 31,
     "metadata": {},
     "output_type": "execute_result"
    }
   ],
   "source": [
    "x"
   ]
  },
  {
   "cell_type": "code",
   "execution_count": 32,
   "metadata": {
    "scrolled": true
   },
   "outputs": [
    {
     "data": {
      "text/plain": [
       "array([[2., 4.],\n",
       "       [5., 7.],\n",
       "       [8., 9.]])"
      ]
     },
     "execution_count": 32,
     "metadata": {},
     "output_type": "execute_result"
    }
   ],
   "source": [
    "y"
   ]
  },
  {
   "cell_type": "code",
   "execution_count": 33,
   "metadata": {
    "scrolled": true
   },
   "outputs": [
    {
     "data": {
      "text/plain": [
       "array([[ 36.,  45.],\n",
       "       [ 81., 105.]])"
      ]
     },
     "execution_count": 33,
     "metadata": {},
     "output_type": "execute_result"
    }
   ],
   "source": [
    "x.dot(y)"
   ]
  },
  {
   "cell_type": "code",
   "execution_count": 34,
   "metadata": {},
   "outputs": [
    {
     "data": {
      "text/plain": [
       "array([ 6., 15.])"
      ]
     },
     "execution_count": 34,
     "metadata": {},
     "output_type": "execute_result"
    }
   ],
   "source": [
    "np.dot(x,np.ones(3\n",
    "                ))"
   ]
  },
  {
   "cell_type": "code",
   "execution_count": 14,
   "metadata": {},
   "outputs": [],
   "source": [
    "a = np.random.randn(5,5)"
   ]
  },
  {
   "cell_type": "code",
   "execution_count": 15,
   "metadata": {},
   "outputs": [
    {
     "data": {
      "text/plain": [
       "array([[ 0.73885933, -0.36186927, -0.97568371, -0.59882436,  1.17143498],\n",
       "       [-1.39220254, -0.47443503, -0.01327467,  0.87808177,  1.17166381],\n",
       "       [-1.93295533,  0.53482944, -0.76302203, -1.7042804 , -0.56346165],\n",
       "       [-1.76807265,  0.84463947,  0.34159376,  0.33046934, -1.80476383],\n",
       "       [-0.70192645, -1.99594219, -0.02657045,  0.5563446 , -0.1923813 ]])"
      ]
     },
     "execution_count": 15,
     "metadata": {},
     "output_type": "execute_result"
    }
   ],
   "source": [
    "a"
   ]
  },
  {
   "cell_type": "code",
   "execution_count": 17,
   "metadata": {},
   "outputs": [
    {
     "data": {
      "text/plain": [
       "array([[ 9.83923897, -0.73304158,  0.18716344,  0.65457647,  3.64946963],\n",
       "       [-0.73304158,  5.33928154,  0.29283792, -1.94270016, -2.42153335],\n",
       "       [ 0.18716344,  0.29283792,  1.65172984,  1.97111436, -1.33995423],\n",
       "       [ 0.65457647, -1.94270016,  1.97111436,  4.45291917,  0.58418007],\n",
       "       [ 3.64946963, -2.42153335, -1.33995423,  0.58418007,  6.35672806]])"
      ]
     },
     "execution_count": 17,
     "metadata": {},
     "output_type": "execute_result"
    }
   ],
   "source": [
    "mat=a.T.dot(a)\n",
    "mat"
   ]
  },
  {
   "cell_type": "code",
   "execution_count": 35,
   "metadata": {},
   "outputs": [],
   "source": [
    "from numpy.linalg import inv, qr"
   ]
  },
  {
   "cell_type": "code",
   "execution_count": 36,
   "metadata": {},
   "outputs": [
    {
     "data": {
      "text/plain": [
       "array([[ 0.16989452,  0.0316903 , -0.41829543,  0.19919402, -0.19194587],\n",
       "       [ 0.0316903 ,  0.36651303, -0.66040064,  0.45539624, -0.05963277],\n",
       "       [-0.41829543, -0.66040064,  4.65638611, -2.44454912,  1.19476173],\n",
       "       [ 0.19919402,  0.45539624, -2.44454912,  1.55465379, -0.59904671],\n",
       "       [-0.19194587, -0.05963277,  1.19476173, -0.59904671,  0.55169499]])"
      ]
     },
     "execution_count": 36,
     "metadata": {},
     "output_type": "execute_result"
    }
   ],
   "source": [
    "inv(mat)"
   ]
  },
  {
   "cell_type": "code",
   "execution_count": 37,
   "metadata": {},
   "outputs": [
    {
     "data": {
      "text/plain": [
       "array([[ 0.73885933, -1.39220254, -1.93295533, -1.76807265, -0.70192645],\n",
       "       [-0.36186927, -0.47443503,  0.53482944,  0.84463947, -1.99594219],\n",
       "       [-0.97568371, -0.01327467, -0.76302203,  0.34159376, -0.02657045],\n",
       "       [-0.59882436,  0.87808177, -1.7042804 ,  0.33046934,  0.5563446 ],\n",
       "       [ 1.17143498,  1.17166381, -0.56346165, -1.80476383, -0.1923813 ]])"
      ]
     },
     "execution_count": 37,
     "metadata": {},
     "output_type": "execute_result"
    }
   ],
   "source": [
    "mat.dot(inv(a))"
   ]
  },
  {
   "cell_type": "code",
   "execution_count": 38,
   "metadata": {},
   "outputs": [
    {
     "data": {
      "text/plain": [
       "array([[-10.54182634,   2.00919989,   0.15783321,  -1.25976827,\n",
       "         -5.78774233],\n",
       "       [  0.        ,  -5.89339078,  -0.17110283,   3.02192923,\n",
       "          3.54567277],\n",
       "       [  0.        ,   0.        ,  -2.91128448,  -3.95691225,\n",
       "          2.77725459],\n",
       "       [  0.        ,   0.        ,   0.        ,  -1.37163211,\n",
       "         -2.73405233],\n",
       "       [  0.        ,   0.        ,   0.        ,   0.        ,\n",
       "          0.68501519]])"
      ]
     },
     "execution_count": 38,
     "metadata": {},
     "output_type": "execute_result"
    }
   ],
   "source": [
    "q,r=qr(mat)\n",
    "r"
   ]
  },
  {
   "cell_type": "code",
   "execution_count": 39,
   "metadata": {},
   "outputs": [],
   "source": [
    "x=np.array([[1,2,4],[5,6,7]])\n",
    "y=np.array([[2,2],[4,5],[3,4]])"
   ]
  },
  {
   "cell_type": "code",
   "execution_count": 40,
   "metadata": {},
   "outputs": [
    {
     "name": "stdout",
     "output_type": "stream",
     "text": [
      "x:[[1 2 4]\n",
      " [5 6 7]]\n",
      "\n",
      "y:[[2 2]\n",
      " [4 5]\n",
      " [3 4]]\n"
     ]
    }
   ],
   "source": [
    "print(f'x:{x}\\n\\ny:{y}')"
   ]
  },
  {
   "cell_type": "code",
   "execution_count": 41,
   "metadata": {},
   "outputs": [
    {
     "data": {
      "text/plain": [
       "array([[22, 28],\n",
       "       [55, 68]])"
      ]
     },
     "execution_count": 41,
     "metadata": {},
     "output_type": "execute_result"
    }
   ],
   "source": [
    "x.dot(y) #equivalent to np.dot(x,y)"
   ]
  },
  {
   "cell_type": "code",
   "execution_count": 42,
   "metadata": {},
   "outputs": [
    {
     "data": {
      "text/plain": [
       "array([[22, 28],\n",
       "       [55, 68]])"
      ]
     },
     "execution_count": 42,
     "metadata": {},
     "output_type": "execute_result"
    }
   ],
   "source": [
    "np.dot(x,y)"
   ]
  },
  {
   "cell_type": "markdown",
   "metadata": {},
   "source": [
    "A matrix product between a 2D array and a suitably sized 1D array results in a 1D array:\n"
   ]
  },
  {
   "cell_type": "code",
   "execution_count": 43,
   "metadata": {},
   "outputs": [
    {
     "data": {
      "text/plain": [
       "array([ 7., 18.])"
      ]
     },
     "execution_count": 43,
     "metadata": {},
     "output_type": "execute_result"
    }
   ],
   "source": [
    "np.dot(x,np.ones(3))"
   ]
  },
  {
   "cell_type": "markdown",
   "metadata": {},
   "source": [
    "numpy.linalg has a standard set of matrix decompositions and things like inverse and\n",
    "determinant. "
   ]
  },
  {
   "cell_type": "code",
   "execution_count": 44,
   "metadata": {},
   "outputs": [],
   "source": [
    "import numpy as np\n",
    " \n",
    "A = np.array([[6, 1, 1],\n",
    "              [4, -2, 5],\n",
    "              [2, 8, 7]])\n"
   ]
  },
  {
   "cell_type": "code",
   "execution_count": 45,
   "metadata": {},
   "outputs": [
    {
     "name": "stdout",
     "output_type": "stream",
     "text": [
      "Rank of A: 3\n",
      "\n",
      "Trace of A: 11\n"
     ]
    }
   ],
   "source": [
    "# Rank of a matrix\n",
    "print(\"Rank of A:\", np.linalg.matrix_rank(A))\n",
    " \n",
    "# Trace of matrix A\n",
    "print(\"\\nTrace of A:\", np.trace(A))\n"
   ]
  },
  {
   "cell_type": "code",
   "execution_count": 46,
   "metadata": {},
   "outputs": [
    {
     "name": "stdout",
     "output_type": "stream",
     "text": [
      "\n",
      "Determinant of A: -306.0\n",
      "\n",
      "Inverse of A:\n",
      " [[ 0.17647059 -0.00326797 -0.02287582]\n",
      " [ 0.05882353 -0.13071895  0.08496732]\n",
      " [-0.11764706  0.1503268   0.05228758]]\n",
      "\n",
      "Matrix A raised to power 3:\n",
      " [[336 162 228]\n",
      " [406 162 469]\n",
      " [698 702 905]]\n"
     ]
    }
   ],
   "source": [
    "# Determinant of a matrix\n",
    "print(\"\\nDeterminant of A:\", np.linalg.det(A))\n",
    " \n",
    "# Inverse of matrix A\n",
    "print(\"\\nInverse of A:\\n\", np.linalg.inv(A))\n",
    " \n",
    "print(\"\\nMatrix A raised to power 3:\\n\",\n",
    "           np.linalg.matrix_power(A, 3))"
   ]
  },
  {
   "cell_type": "markdown",
   "metadata": {},
   "source": [
    "Matrix eigenvalues Functions\n",
    "numpy.linalg.eigh(a, UPLO=’L’) : This function is used to return the eigenvalues and eigenvectors of a complex \n",
    "Hermitian (conjugate symmetric) or a real symmetric matrix.Returns two objects, a 1-D array containing the eigenvalues of a, \n",
    "and a 2-D square array or matrix (depending on the input type) of the corresponding eigenvectors (in columns)."
   ]
  },
  {
   "cell_type": "code",
   "execution_count": 97,
   "metadata": {},
   "outputs": [],
   "source": [
    "from numpy import linalg as li"
   ]
  },
  {
   "cell_type": "code",
   "execution_count": 107,
   "metadata": {},
   "outputs": [],
   "source": [
    "a = np.array([[1, -2j], [2j, 5]])"
   ]
  },
  {
   "cell_type": "code",
   "execution_count": 114,
   "metadata": {},
   "outputs": [],
   "source": [
    "c,d=li.eigh(a)"
   ]
  },
  {
   "cell_type": "code",
   "execution_count": 115,
   "metadata": {},
   "outputs": [
    {
     "data": {
      "text/plain": [
       "array([[-0.92387953-0.        j, -0.38268343+0.        j],\n",
       "       [ 0.        +0.38268343j,  0.        -0.92387953j]])"
      ]
     },
     "execution_count": 115,
     "metadata": {},
     "output_type": "execute_result"
    }
   ],
   "source": [
    "d"
   ]
  },
  {
   "cell_type": "code",
   "execution_count": 116,
   "metadata": {},
   "outputs": [
    {
     "data": {
      "text/plain": [
       "array([0.17157288, 5.82842712])"
      ]
     },
     "execution_count": 116,
     "metadata": {},
     "output_type": "execute_result"
    }
   ],
   "source": [
    "c"
   ]
  },
  {
   "cell_type": "markdown",
   "metadata": {},
   "source": [
    "numpy.linalg.eig(a) : This function is used to compute the eigenvalues and right eigenvectors of a square array."
   ]
  },
  {
   "cell_type": "code",
   "execution_count": 119,
   "metadata": {},
   "outputs": [
    {
     "data": {
      "text/plain": [
       "array([[1, 0, 0],\n",
       "       [0, 2, 0],\n",
       "       [0, 0, 3]])"
      ]
     },
     "execution_count": 119,
     "metadata": {},
     "output_type": "execute_result"
    }
   ],
   "source": [
    "a=np.diag([1,2,3])\n",
    "a"
   ]
  },
  {
   "cell_type": "code",
   "execution_count": 124,
   "metadata": {},
   "outputs": [],
   "source": [
    "e,f=li.eigh(a)"
   ]
  },
  {
   "cell_type": "code",
   "execution_count": 121,
   "metadata": {},
   "outputs": [
    {
     "data": {
      "text/plain": [
       "array([1., 2., 3.])"
      ]
     },
     "execution_count": 121,
     "metadata": {},
     "output_type": "execute_result"
    }
   ],
   "source": [
    "e"
   ]
  },
  {
   "cell_type": "code",
   "execution_count": 122,
   "metadata": {},
   "outputs": [
    {
     "data": {
      "text/plain": [
       "array([[1., 0., 0.],\n",
       "       [0., 1., 0.],\n",
       "       [0., 0., 1.]])"
      ]
     },
     "execution_count": 122,
     "metadata": {},
     "output_type": "execute_result"
    }
   ],
   "source": [
    "f"
   ]
  },
  {
   "cell_type": "markdown",
   "metadata": {},
   "source": [
    "numpy.dot"
   ]
  },
  {
   "cell_type": "code",
   "execution_count": 126,
   "metadata": {},
   "outputs": [],
   "source": [
    "a=np.array(2+3j)\n",
    "b=np.array(3+5j)"
   ]
  },
  {
   "cell_type": "code",
   "execution_count": 127,
   "metadata": {},
   "outputs": [],
   "source": [
    "c=np.dot(a,b)"
   ]
  },
  {
   "cell_type": "code",
   "execution_count": 128,
   "metadata": {},
   "outputs": [
    {
     "data": {
      "text/plain": [
       "(-9+19j)"
      ]
     },
     "execution_count": 128,
     "metadata": {},
     "output_type": "execute_result"
    }
   ],
   "source": [
    "c"
   ]
  },
  {
   "cell_type": "code",
   "execution_count": 129,
   "metadata": {},
   "outputs": [],
   "source": [
    "c=np.vdot(a,b)"
   ]
  },
  {
   "cell_type": "code",
   "execution_count": 130,
   "metadata": {},
   "outputs": [
    {
     "data": {
      "text/plain": [
       "(21+1j)"
      ]
     },
     "execution_count": 130,
     "metadata": {},
     "output_type": "execute_result"
    }
   ],
   "source": [
    "c"
   ]
  },
  {
   "cell_type": "markdown",
   "metadata": {},
   "source": [
    "solve linear equation"
   ]
  },
  {
   "cell_type": "code",
   "execution_count": 141,
   "metadata": {},
   "outputs": [],
   "source": [
    "c=np.array([[1,3],[4,6]])\n",
    "d=np.array([3,4])"
   ]
  },
  {
   "cell_type": "code",
   "execution_count": 149,
   "metadata": {},
   "outputs": [
    {
     "name": "stdout",
     "output_type": "stream",
     "text": [
      "('Solution of linear equations:', array([-113.5 ,  110.25,  -16.5 ]))\n"
     ]
    }
   ],
   "source": [
    "a = np.array([[1, 2,6], [3, 4,5],[7,8,5]])\n",
    " \n",
    "# Creating an array using array\n",
    "# function\n",
    "b = np.array([8, 18,5])\n",
    " \n",
    "print((\"Solution of linear equations:\", \n",
    "      np.linalg.solve(a, b)))"
   ]
  },
  {
   "cell_type": "code",
   "execution_count": null,
   "metadata": {},
   "outputs": [],
   "source": []
  },
  {
   "cell_type": "code",
   "execution_count": null,
   "metadata": {},
   "outputs": [],
   "source": []
  },
  {
   "cell_type": "code",
   "execution_count": null,
   "metadata": {},
   "outputs": [],
   "source": []
  }
 ],
 "metadata": {
  "kernelspec": {
   "display_name": "Python 3",
   "language": "python",
   "name": "python3"
  },
  "language_info": {
   "codemirror_mode": {
    "name": "ipython",
    "version": 3
   },
   "file_extension": ".py",
   "mimetype": "text/x-python",
   "name": "python",
   "nbconvert_exporter": "python",
   "pygments_lexer": "ipython3",
   "version": "3.6.5"
  }
 },
 "nbformat": 4,
 "nbformat_minor": 2
}
